15.4997 7.2025 22.9420 11.2545 12.7576 19.8608 18.1006 17.2139 20.7950 15.0043 9.4938 25.1276 15.7835 7.9653 20.0343 13.3144 10.3118 24.2142 14.4351 9.5715 18.8553
16.2800 0.8663 27.6266 10.6013 6.2517 23.8370 16.4959 10.4411 27.4392 14.9709 2.6605 29.1863 16.5546 1.9949 24.9321 12.8613 4.3887 28.4010 14.5641 3.9735 23.5444
17.3179 -2.5975 40.8015 12.9777 2.6488 37.7526 20.0253 4.4580 40.4280 15.9489 -0.6445 42.3933 18.2697 -1.3054 37.8974 14.5601 0.8606 40.8996 16.8607 0.1969 36.5696
15.0188 -2.7135 41.1082 13.9629 1.8691 35.2390 14.8242 4.7573 41.6985 13.2474 -2.5327 41.3266 17.0147 -1.9585 40.7237 12.5535 -0.8369 39.1638 16.7548 -0.3862 38.6670
20.0071 1.7788 42.7818 17.1197 3.5640 40.1758 21.0347 7.0686 41.8233 18.3806 3.2574 43.9253 21.4828 2.6536 40.1930 17.5130 3.3865 43.3680 20.4549 2.7292 39.4213
17.0473 6.7027 25.0174 12.4136 10.9783 19.5417 17.8091 15.3755 24.2189 15.1077 7.6742 26.0510 18.0721 7.0140 22.7417 14.2920 8.0948 25.0411 17.2103 8.4006 21.0124
18.4875 5.3252 16.1163 12.5872 12.0762 9.5720 18.9607 16.2353 14.6915 16.8810 7.3783 17.7171 19.7862 6.5265 13.1842 15.4060 7.9179 16.7653 18.0578 7.8042 11.5144
18.3485 4.4441 24.5467 13.2208 8.2801 19.9510 19.6563 12.2733 24.6453 16.4443 4.9647 26.5288 19.2684 3.8113 22.5995 14.7147 6.0118 25.6984 18.8315 5.2640 20.6694
16.3722 1.3333 23.1036 12.6972 7.0168 20.6220 18.5798 7.7141 23.9403 14.9910 2.2115 25.2329 17.2417 1.6854 20.8357 13.8524 3.5547 24.0004 15.6817 3.9530 19.6459
14.4050 -2.2565 23.2812 9.9810 2.7199 20.6041 16.6017 5.9855 22.9673 13.6270 -0.6344 25.1140 14.9549 -1.6212 21.0428 12.0082 0.9708 24.5315 13.6436 0.1650 19.5378
15.0339 -1.7207 38.0694 11.0546 2.7374 35.3956 17.0891 7.7522 37.1985 13.6447 0.2294 39.6510 15.6187 -1.0137 35.0574 12.4190 1.0710 39.2732 14.7357 0.7498 33.9610
14.5847 0.0004 28.0573 10.7579 6.7135 25.9720 17.2718 8.0366 28.7045 13.7364 1.9320 30.6249 15.4009 1.7170 24.7582 12.2817 2.7497 28.7455 14.1883 3.5197 24.8329
15.7157 13.0413 28.7231 11.6061 17.5744 23.0020 17.1084 25.2498 23.1156 14.4079 15.5624 29.6868 16.9575 13.3512 26.2350 13.4415 15.7447 28.2760 15.4423 14.5538 24.2193
14.0298 5.5557 24.0128 11.7907 10.8212 19.6775 17.9146 14.7624 23.2979 12.9714 8.5715 25.2182 15.6339 6.1499 21.8086 12.2744 8.9143 23.9250 15.5302 8.0718 19.9968
16.1216 1.5448 23.6984 11.5888 7.3810 19.0896 18.2205 9.7526 23.4390 14.7746 3.1965 25.4673 17.3196 2.4514 20.7803 13.8416 3.5856 23.8167 16.1728 3.7775 19.4466
18.8167 8.1691 19.8694 12.1526 13.4614 14.5378 18.6954 17.6734 18.5724 16.7623 9.0421 21.5457 19.2682 8.6365 17.0429 15.0171 9.9923 19.5832 17.4678 9.8930 16.4636
16.9180 -0.4437 16.9635 12.0783 4.2034 10.7798 17.7110 8.0244 15.4153 14.9316 0.7151 17.9348 18.7282 0.1212 14.2037 13.5477 1.3738 16.1005 17.4560 0.8384 12.8685
15.2699 0.9611 24.8901 11.6659 6.0712 20.5181 18.9878 8.0632 23.2194 14.5507 2.9790 26.4874 15.7396 1.3585 21.3335 12.9145 4.8778 25.5418 14.6433 3.1350 20.4110
13.0334 0.6322 22.3179 8.6723 6.1542 18.4134 15.6482 9.3110 21.2163 12.1495 2.5989 23.8588 13.9831 1.1883 20.1036 10.7298 3.4686 22.8620 13.1954 3.1076 18.5706
17.4415 3.5428 20.1717 13.9868 8.3835 14.6305 18.2583 12.2205 20.4512 15.0698 4.5191 20.8320 19.1052 4.4894 18.3679 14.0546 5.4954 19.7068 18.7394 5.9675 16.4899
21.4392 -0.1286 22.6581 17.3205 3.4786 16.8912 19.4419 9.0315 22.2694 19.6568 0.4005 23.5895 23.3728 1.9403 20.2080 18.1655 0.7933 22.1105 22.0285 1.6832 19.5859
17.8224 -0.5370 22.3694 11.9604 5.7592 19.4502 19.7718 7.8712 22.8365 16.2148 0.9174 25.1889 18.3903 0.6127 19.6611 14.8729 1.9949 24.7384 17.0858 2.0215 18.4928
17.4390 3.1693 19.7202 11.6641 8.1588 16.1335 18.4316 11.2559 19.6637 15.7985 4.9223 21.5784 17.9002 3.6925 17.4071 14.5748 5.1729 21.1449 17.1122 4.6414 16.1180
16.5928 0.2625 23.6256 11.5589 4.3923 19.4529 16.9047 8.7688 24.1873 14.2426 1.3325 25.2542 17.4631 1.0120 21.5149 13.2180 1.9453 24.3469 16.3052 2.4207 20.1139
16.6142 -1.4244 43.8866 10.8700 3.9540 40.3610 17.8047 6.1810 44.3929 14.5827 -1.2252 45.9045 16.8707 -1.1070 41.3664 13.2653 -0.0249 44.7011 16.1271 0.6731 39.9080
15.0011 -0.7738 42.6183 10.3898 2.2308 36.8936 14.6333 6.9248 42.0275 13.1068 -0.4447 43.4683 16.3257 0.3270 39.7101 12.4978 -0.1691 42.2679 15.0816 0.9019 38.5247
16.0758 6.7522 26.2235 11.5070 12.0178 21.2173 15.2903 16.3144 26.5388 13.5180 7.9400 27.5490 17.8309 8.5466 23.9442 12.4981 8.5527 26.6112 16.6671 9.9182 22.4187
19.6423 9.0599 14.7940 13.5379 12.4182 8.7764 20.2088 18.2221 12.7931 17.0732 12.0149 15.9774 20.6190 9.5373 12.2066 15.9291 11.6107 13.9303 19.6696 10.7042 9.6055
20.8862 2.6094 19.4088 15.5566 8.1412 16.8293 22.3639 11.5188 20.5867 20.0056 3.3941 21.2382 21.9766 4.1250 16.0960 18.8000 4.0817 20.2191 19.8430 5.2723 15.7921
17.5650 6.6009 26.2460 12.0980 12.5801 22.4605 18.7614 15.9153 25.6148 16.1311 8.2788 28.1153 18.0798 7.5129 23.7890 14.9286 8.9968 26.9867 16.4359 8.9802 22.5672
15.9487 2.3880 20.5837 11.3639 9.5707 16.7885 19.0571 12.1185 20.4232 14.7064 3.3730 21.9931 17.6173 3.6475 17.7201 13.5639 4.5952 21.4356 16.0029 5.0055 16.2369
18.2224 7.4886 20.8988 13.1137 11.3573 15.1670 17.7115 16.9746 19.7712 16.9750 8.5159 22.3439 19.9358 9.1922 18.0537 16.0483 8.5567 21.2328 18.5229 9.6361 16.7812
19.3984 -1.2505 24.1364 14.6594 3.4143 18.6459 19.4383 7.9595 22.9514 16.8035 0.6770 25.4241 20.6658 0.0759 21.0717 16.0866 0.9948 24.2775 19.9073 0.9583 19.9031
13.6795 5.0096 25.5106 10.4154 10.5027 21.4234 15.8648 14.4041 25.2231 11.8159 5.9444 26.6125 14.7864 5.6739 23.7408 10.8590 7.0822 25.6866 14.1719 8.0850 21.9510
19.3714 -2.7063 41.3822 13.9232 1.0115 38.2760 19.2687 5.1875 41.5455 17.3072 -1.9768 43.4127 19.6625 -2.0928 38.7147 16.4419 -1.7151 42.2613 18.0794 -1.0748 37.9178
18.0098 -1.1190 12.2412 13.0254 3.9287 8.1991 20.3323 7.6829 11.6595 15.9154 -0.0237 14.1578 19.3578 -0.4843 8.6369 14.3172 1.6488 13.3553 16.5243 2.0478 6.7813
19.6592 -2.6210 53.8066 14.6763 3.5778 50.2812 21.6210 7.1846 51.0868 18.6220 0.3673 55.4895 19.8911 -1.7119 50.2466 17.1573 1.6018 54.2467 18.3167 -0.0570 49.0129
13.0215 4.2125 23.6112 8.9234 10.3925 16.5663 14.2963 16.0468 20.2731 10.4327 6.4930 24.6286 14.3310 4.5661 21.0929 9.4419 7.3206 22.8867 13.3633 6.5762 18.6530
18.3439 3.3406 23.0843 12.6931 7.3439 17.4923 18.7626 11.3334 21.3135 16.0445 4.1684 24.6949 19.2185 2.9036 20.4372 13.8983 5.6500 22.8684 17.6471 4.1733 18.4809
18.2741 -1.1218 43.0783 12.1963 5.2432 40.7486 20.2957 7.2433 42.1394 17.0693 0.1855 45.6489 17.9165 -1.1038 40.0919 15.3627 1.6031 45.5432 15.6274 0.6767 39.0811
14.8609 -2.0239 16.7690 9.7185 1.3631 11.6051 15.2268 6.6091 14.5783 13.0634 -0.9670 18.1972 16.5270 -1.4957 13.6248 11.7079 -0.2552 17.0995 13.8172 -0.7988 11.8562
16.7881 2.4685 25.6308 11.8829 7.9186 20.5863 18.1621 12.4579 23.3553 14.9499 4.4126 27.1898 17.6169 2.9936 23.0397 13.6531 4.8115 26.0145 15.5075 4.9939 20.6632
