14.7703 10.6452 21.6899
14.6183 4.3681 26.4238
16.5658 0.5167 39.5346
14.7680 -0.2573 39.7038
19.4275 3.4912 41.6698
15.9932 9.1772 23.3749
17.1666 9.0377 14.2230
17.2121 6.4356 23.5199
15.6309 3.9241 22.4830
13.6031 0.7613 22.4398
14.2280 1.4008 36.9437
14.0317 3.5241 27.3850
14.9542 16.4397 26.1797
14.3064 8.9781 22.5624
15.4342 4.5271 22.2483
16.8829 10.9811 18.2307
15.9101 2.1189 14.8952
14.8245 3.9208 23.2002
12.4874 3.7801 21.0489
16.6651 6.3740 18.6643
20.2036 2.4570 21.0447
16.5883 2.6628 21.8196
16.1315 5.8590 18.8237
15.1836 2.8763 22.6422
15.1621 1.0038 42.9315
13.8623 1.2853 40.7872
14.7696 10.0060 24.9290
18.0971 11.9382 12.5833
19.9188 5.5918 18.5957
16.2857 9.8379 25.1114
15.4657 5.8141 19.3116
17.2185 10.2459 19.1784
18.1370 1.8328 22.3443
13.0847 8.1003 24.3069
17.7220 -0.4810 40.5015
16.7832 1.9545 10.7187
18.5634 1.1917 52.0243
11.9729 7.9440 21.1017
16.6583 5.5590 21.1959
16.6774 1.8180 42.3331
13.5602 0.3474 14.8186
15.5086 5.7224 23.7828
